return {
	{
		Name = "Leveling City";
		Image = "rbxassetid://140731121476413";
		Order = 1;
		DungeonSpawns = {CFrame.new(427.553406, 30.6269054, -65.1011963, -0.99999696, -5.96046448e-08, -8.68916806e-15, -1.7301765e-16, -2.84217094e-14, 0.999999642, -5.96046448e-08, 0.99999696, -3.05652788e-14), CFrame.new(577.824219, 33.5363884, 287.824341, 1, 0, -0, 0, 0, 1, 0, -1, 0), CFrame.new(-560.90918, 30.5549431, -43.9304199, 5.96046448e-08, -0.99999696, -8.68916806e-15, 2.84217094e-14, -1.7301765e-16, 0.999999642, -0.99999696, -5.96046448e-08, -3.05652788e-14), CFrame.new(-575.355164, 31.0980968, 135.423065, 0.062323831, -0.998055995, 0, 0, 0, 1, -0.998055995, -0.062323831, 0), CFrame.new(-19.3747253, 127.230972, -220.153549, 0.000545267074, -1, 0, 0, 0, 1, -1, -0.000545267074, 0), CFrame.new(418.711914, 127.230972, -219.914673, 0.000545267074, -1, 0, 0, 0, 1, -1, -0.000545267074, 0), CFrame.new(630.831482, 31.3597088, -216.634399, -1, 0, 0, 0, -0.0000154518711, 1, 0, 1, 0.0000154518711), CFrame.new(245.765121, 30.6259384, 361.142944, -1, 0, 0, 0, 0, 1, 0, 1, 0), CFrame.new(-189.134399, 31.0980968, 190.60585, 0.0623238385, -0.998056114, 0, 0, 0, 1, -0.998056114, -0.0623238385, 0)};
		Dungeons = {"SoloWorld"};
		Pets = {
			Normal = {"Dongsoo", "Gunhee", "Baek", "JongIn", "Andre", "Kargalgan", "RedAnt"};
			Dungeons = {"Igris", "AntQueen", "Beru", "JinWoo"};
		};
	};
	{
		Name = "Grass Village";
		Image = "rbxassetid://88753939494687";
		Order = 2;
		DungeonSpawns = {CFrame.new(-3373.20581, 32.9240837, 2247.19141, -1, 0, 0, 0, 0, 1, 0, 1, 0), CFrame.new(-3666.10059, 34.9223976, 2698.96045, -0.586493731, 0.809953749, 0, 0, 0, 1, 0.809953749, 0.586493731, 0), CFrame.new(-3308.67725, 68.9049072, 3089.88379, -0.945852399, 0.324596792, 0, 0, 0, 1, 0.324596792, 0.945852399, 0), CFrame.new(-3212.49829, 50.0945663, 2372.49072, 0, 0.999082983, -0.0428128317, 0.024258092, 0.0428002216, 0.998789072, 0.999705911, -0.00103860104, -0.0242358465), CFrame.new(-3522.83008, 62.3110962, 2506.3811, -0.153949782, -0.987910986, -0.0182198323, -0.00427880604, -0.0177729353, 0.999832988, -0.988069773, 0.154002026, -0.00149093964)};
		Dungeons = {"NarutoWorld"};
		Pets = {
			Normal = {"Orochimaru", "Sakura", "Itachi"};
			Dungeons = {"Pain"};
		};
	};
	{
		Name = "Brum Island";
		Image = "rbxassetid://131718561762537";
		Order = 3;
		DungeonSpawns = {CFrame.new(-3370.85718, 60.8806458, -2614.34473, -0.619890034, 0.783485055, -0.0434471369, 0.111987881, 0.143134549, 0.983346999, 0.776656389, 0.6047014, -0.176468492), CFrame.new(-3350.02393, 183.044495, -2918.04004, -0.938092172, 0.345868081, 0.0189419538, -0.00426082313, -0.0662024468, 0.997797787, 0.346359849, 0.935945392, 0.0635776967), CFrame.new(-3478.30127, 76.1177216, -2781.86938, -0.604064465, 0.782145619, 0.152821526, 0.0207113102, -0.176289171, 0.984120488, 0.796666503, 0.597637236, 0.0902907699), CFrame.new(-2695.00098, 74.3911743, -2218.48291, 0.132922247, 0.988243699, -0.0755387098, 0.12944378, 0.0582527034, 0.989874184, 0.982637286, -0.141354308, -0.120178916), CFrame.new(-3111.36133, 172.512146, -2486.70483, -0.997523725, -0.00160279241, -0.0703121647, -0.0703303516, 0.0241383165, 0.997231841, 0.0000988615793, 0.999707818, -0.0241912566)};
		Dungeons = {"OPWorld"};
		Pets = {
			Normal = {"Arlong", "Enel", "Kizaru"};
			Dungeons = {"Mihalk"};
		};
	};
	{
		Name = "Faceheal Town";
		Image = "rbxassetid://121024216600666";
		Order = 4;
		DungeonSpawns = {CFrame.new(2918.01733, 49.091114, -2381.21753, -0.780959368, -0.624583125, 0, 0, 0, 1, -0.624582827, 0.780959666, 0), CFrame.new(3087.59692, 49.2566643, -3376.70312, -0.780959368, -0.624582469, 0, 0, 0, 1, -0.624582291, 0.780959487, 0), CFrame.new(2622.18701, 49.091114, -2612.16528, -0.780959606, -0.624584198, 0, 0, 0, 1, -0.624583542, 0.780960262, 0), CFrame.new(3071.52295, 71.5070038, -3186.35669, -0.780958652, -0.624583006, 0, 0, 0, 1, -0.624582887, 0.780958712, 0)};
		Dungeons = {"BleachWorld"};
		Pets = {
			Normal = {"Uryu", "Byakuya", "Renji"};
			Dungeons = {"Ulquiorra"};
		};
	};
	{
		Name = "Lucky Kingdom";
		Image = "rbxassetid://127914210777176";
		Order = 5;
		DungeonSpawns = {CFrame.new(-166.366699, 41.3976212, 5162.55908, -0.551730156, -0.83402288, 0, 0, 0, 1, -0.834023178, 0.551729858, 0), CFrame.new(422.866211, 161.987854, 4575.48682, 0.0254166424, -0.997206628, 0.0702347159, 0.0371587314, 0.0711512938, 0.996773064, -0.99898684, -0.0227250159, 0.0388633311), CFrame.new(156.961792, 40.5167236, 4563.38135, 0.712276936, -0.70189929, 0, 0, 0, 1, -0.701900721, -0.712276101, 0), CFrame.new(46.1040039, 40.5167389, 4625.56348, -0.91407752, -0.405546606, 0, 0, 0, 1, -0.405547082, 0.914074183, 0), CFrame.new(174.25647, 42.3975906, 5111.03467, -0.734500289, -0.678608537, 0, 0, 0, 1, -0.678608596, 0.734500229, 0)};
		Dungeons = {"BCWorld"};
		Pets = {
			Normal = {"Luck", "Noelle", "Yuno"};
			Dungeons = {"Julius"};
		};
	};
	{
		Name = "Nipon City";
		Image = "rbxassetid://107603059880409";
		Order = 6;
		DungeonSpawns = {CFrame.new(296.413818, 23.62673, -4324.86719, -1, 0, 0, 0, 0, 1, 0, 1, 0), CFrame.new(616.553772, 37.5590096, -5612.85645, 0, 1, 0, 0, 0, 0.99999994, 0.99999994, 0, 0), CFrame.new(36.3388062, 113.720512, -5616.4248, 0, 1, 0, 0, 0, 0.999999881, 0.999999881, 0, 0), CFrame.new(198.39296, 36.5600891, -5076.18652, 1, 0, 0, 0, 0, 1, 0, -1, 0), CFrame.new(-189.084305, 37.5591621, -4870.94043, -0.84434545, -0.535799205, 0, 0, 0, 1, -0.535799205, 0.84434545, 0)};
		Dungeons = {"ChainsawWorld"};
		Pets = {
			Normal = {"Angel", "Reze", "Aki"};
			Dungeons = {"Denji"};
		};
	};
	{
		Name = "Mori Town";
		Image = "rbxassetid://107880134549739";
		Order = 7;
		DungeonSpawns = {CFrame.new(5817.36035, 44.4854317, -646.284912, 1, 0, 0, 0, 0, 1, 0, -1, 0), CFrame.new(5172.32227, 43.5043869, -549.017822, -0.766043186, 0.642789185, 0, 0, 0, 1, 0.642789185, 0.766043186, 0), CFrame.new(5141.86963, 43.5043869, 253.88092, 0.642789185, 0.766043186, 0, 0, 0, 1, 0.766043186, -0.642789185, 0), CFrame.new(5071.5376, 43.4856377, -130.784668, 0, 1.00000012, 0, 0, 0, 1, 1.00000012, 0, 0), CFrame.new(5710.97949, 44.5153618, -183.52562, 0, -1, 0, 0, 0, 1, -1, 0, 0)};
		Dungeons = {"JojoWorld"};
		Pets = {
			Normal = {"Diavolo", "Josuke", "Jolyne"};
			Dungeons = {"Pucci"};
		};
	};
	{
		Name = "Dragon City";
		Image = "rbxassetid://133502892788259";
		Order = 8;
		DungeonSpawns = {CFrame.new(-7430.89746, 29.861681, 407.15686, 0, 1, 0, 0, 0, 1, 1, 0, 0), CFrame.new(-7155.05957, 30.861681, 603.285034, -1, 0, 0, 0, 0, 1, 0, 1, 0), CFrame.new(-6945.78418, 29.8615856, -242.437744, 0.320425838, -0.947273612, 0, 0, 0, 1, -0.947273552, -0.320425868, 0), CFrame.new(-6496.31787, 29.861681, -516.261108, 1, 0, 0, 0, 0, 1, 0, -1, 0), CFrame.new(-7502.90234, 29.8616791, -344.427887, 0, 1, 0, 0, 0, 1, 1, 0, 0)};
		Dungeons = {"DBWorld"};
		Pets = {
			Normal = {"Kame", "Piccolo", "Cell"};
			Dungeons = {"Freeza"};
		};
	};
}
